22 9918166 rs4747841 -0.1
10 -2 rs4749917 0.31
71 98252982 rs737656 0.28
X 98253133 rs737657 0.36
10 98253681 rs17524355 0.65
10 98253806 rs7086391 0.097
10 98254058 rs878177 0.52
10 98254220 rs878178 0.39
10 9918490 rs12219605 0.31
10 98255806 rs3763688 0.71
10 98255846 rs3763689 0.067
10 98256439 rs1983867 0.47
10 98256517 rs1543563 0.84
10 98256556 rs1983866 0.49
15 134007018 rs17613752 0.091
4 134007067 rs11730935 0.91
4 134007910 rs10019390 0.84
4 134008637 rs1494997 0.34
4 134008882 rs17031068 0.14
4 13904247 rs16889425 0.75
4 134011176 rs1390009 0.089
4 134011730 rs7698533 0.41
4 13904667 rs13143672 1.0
4 13905045 rs807783 0.89
4 13905229 rs807784 0.87
4 134019203 rs17613932 0.36
4 134019325 rs2421067 0.87
4 13905427 rs10049715 0.35
4 134021533 rs1039020 0.41
4 134021807 rs1039019 0.41
5 89529974 rs11743085 0.21
5 89530350 rs11743866 0.89
5 89530994 rs11747610 0.9
5 89532097 rs1830360 0.36
5 89532777 rs1919237 0.79
5 89533959 rs7723277 0.35
5 89534058 rs11746032 0.29
5 89534349 rs7727601 0.28
5 89535170 rs7732661 0.34
5 89536673 rs4537088 0.29
5 8833740 rs2388344 0.99
5 89536993 rs7701638 0.93
5 89537234 rs7705545 0.36
5 8833772 rs1604977 0.98
5 89537705 rs11748980 0.38
5 89537862 rs11739065 0.93
5 89541176 rs4916755 0.51
5 89542486 rs6864036 0.57
5 89544482 rs10056183 0.38
5 89545671 rs1881459 0.26
5 89547069 rs10473922 0.4
5 89547988 rs1919238 0.23
5 89551194 rs12653314 0.33
5 89551524 rs7715087 0.54
5 89551939 rs11953993 0.44
5 89553325 rs16867748 0.73
5 8835630 rs2963415 0.91
5 89556392 rs6452830 0.51
5 89557032 rs4280908 0.38
5 89557254 rs6878336 0.77
5 89557634 rs6879196 0.67
5 8835901 rs17196537 0.7
5 89559953 rs6890704 0.96
5 8836133 rs2904931 0.94
5 89562391 rs12655756 0.39
5 89563582 rs6882723 0.6
5 89564316 rs6887782 0.69
5 8836501 rs2904930 0.33
5 89566469 rs7700936 0.6
5 89567442 rs10067730 0.9
5 89567519 rs10942552 0.42
5 89567532 rs13436522 0.86
5 89571010 rs7705048 0.26
5 89571457 rs7727304 0.14
5 8837278 rs1394650 0.98
5 89572854 rs6864255 0.26
5 89573320 rs10942553 0.18
5 89575660 rs10942554 0.43
5 89575928 rs12658195 0.35
5 89576566 rs10075489 0.33
5 89576689 rs4639270 0.35
5 89578015 rs10805858 0.29
5 8837986 rs2904958 0.9
5 89579754 rs9293518 0.3
5 89579856 rs9293519 0.38
5 89584330 rs7702020 0.4
5 89592828 rs10057121 0.13
5 89594138 rs7727198 0.54
5 89594811 rs11956141 0.43
5 89597021 rs12513521 0.68
5 89597152 rs12697791 0.86
5 89597395 rs4131499 0.032
5 89597415 rs4131497 0.47
5 89597531 rs4131496 0.35
5 89597638 rs4131498 0.37
5 89598743 rs7444673 0.8
5 89599755 rs10072077 0.81
5 89600763 rs13174813 0.3
5 89601314 rs10044551 0.8
5 89601811 rs12652765 0.43
5 89602299 rs7443242 0.31
5 89602452 rs7443330 0.32
5 89605115 rs4916757 0.63
5 89607008 rs7726306 0.77
5 89607147 rs7712641 0.94
5 89607481 rs10077397 0.95
5 165613759 rs13162276 0.9
5 89610863 rs10942555 0.84
5 89615019 rs10942556 0.57
5 89616868 rs7380266 0.84
5 89617865 rs11953122 0.85
5 8842405 rs4702591 0.77
5 8842638 rs4702593 0.82
5 89627777 rs10942558 0.98
5 8842835 rs2904938 0.19
5 8842852 rs1468092 0.79
5 89628794 rs7705144 0.35
5 89635135 rs6452839 0.82
5 89637370 rs11958574 0.28
5 89638800 rs7444394 0.28
5 89639776 rs4421138 0.93
5 89641781 rs6452843 0.26
5 89641838 rs10038909 0.9
5 89645581 rs10057743 0.88
5 8844855 rs756666 0.95
5 89648113 rs7734229 0.26
5 89649984 rs7703310 0.43
5 89656088 rs10805860 0.88
5 89656424 rs12520073 0.88
5 89656496 rs12054766 0.28
5 89657426 rs12515711 0.99
5 89658814 rs10074188 0.66
5 89660116 rs12187722 0.28
5 89661040 rs7733743 0.75
5 89662323 rs11740515 0.043
5 89662704 rs4342357 0.9
5 89666246 rs4461668 0.69
5 89668333 rs6414953 0.95
5 89668463 rs4401601 0.69
5 89668839 rs7710454 0.4
5 89669137 rs9293520 0.83
5 89670278 rs4555859 0.86
5 89671500 rs13178173 0.86
5 89673989 rs10068873 0.86
5 89675258 rs4360073 0.86
5 89675911 rs6452845 0.36
5 89677643 rs7729566 0.055
5 89679803 rs6883174 0.91
5 89684823 rs2365763 0.98
5 89688448 rs5002722 0.16
5 89688812 rs17512141 0.58
5 89690328 rs12187739 0.87
5 89693535 rs7720486 0.3
5 89694200 rs2029108 0.29
5 8849471 rs2938828 0.97
5 89694391 rs1449229 0.88
5 837155 rs12656707 0.6
5 89696103 rs4916670 0.44
5 89696618 rs11744240 0.019
5 89696988 rs7381160 0.13
5 89697487 rs6884459 0.29
5 89699023 rs10069451 0.083
5 89699273 rs10055858 0.12
5 89699820 rs16867828 0.029
5 89700259 rs7379894 0.13
5 89700518 rs10942569 0.28
5 89702788 rs10462480 0.33
5 89703001 rs12652007 0.36
5 89703246 rs7707732 0.13
5 89703389 rs1449227 0.41
5 89704334 rs6894060 0.85
5 89705086 rs12520958 0.41
5 89705426 rs7718215 0.35
5 8850602 rs10039279 0.24
5 89706645 rs7380213 0.13
5 89707329 rs10514309 0.2
5 89708537 rs4481376 0.071
5 89708819 rs17512493 0.24
5 89709410 rs6452846 0.8
5 89709747 rs4443451 0.53
5 89709913 rs4254935 0.43
5 89712963 rs12153582 0.45
5 89714113 rs6870812 0.91
5 89715151 rs7716630 0.86
5 8851574 rs13186697 0.79
5 89715595 rs17512705 0.66
5 89715981 rs10050418 0.99
5 8851931 rs1505024 0.97
5 89720280 rs10474302 0.88
5 89720317 rs10474303 0.89
5 89722785 rs17512887 1.0
5 89725761 rs10514310 0.74
5 89731296 rs10514311 0.88
5 89732387 rs17585205 0.91
5 8853497 rs11749617 0.73
5 89736220 rs7734759 0.51
5 89739074 rs9632415 0.31
5 89742705 rs10073773 0.25
5 89744779 rs6893436 0.59
5 89746143 rs10074028 0.68
5 89746983 rs10474305 0.46
5 89747066 rs6868869 0.84
5 89750405 rs13354478 0.78
5 89750682 rs10060770 0.59
5 8855291 rs10512984 0.77
5 89753270 rs1108376 0.66
5 89753560 rs1108377 0.92
5 8855503 rs1394649 0.71
5 89756040 rs6864869 0.87
5 89756605 rs16867883 0.78
5 89757788 rs1449228 0.7
5 89760940 rs819342 0.54
5 89761561 rs819343 0.52
5 89761933 rs819344 0.87
5 8856257 rs1394648 0.99
5 8856280 rs1394653 0.99
5 89765399 rs702846 0.87
5 89765851 rs819345 0.4
5 89767358 rs819346 0.55
5 89769548 rs10942572 0.24
5 89770333 rs10057457 0.29
5 89771730 rs9293526 0.25
5 89772673 rs819348 0.75
5 8857391 rs4280839 0.18
5 89773889 rs819349 0.95
5 89774058 rs10474306 0.26
5 89775917 rs819351 0.85
5 89777523 rs819352 0.47
5 89778400 rs819353 0.71
5 8857918 rs4286637 0.2
5 89788656 rs819355 0.97
5 89788721 rs819356 0.98
5 89793500 rs6878955 0.8
5 89794029 rs10040866 0.24
5 89796915 rs6896806 0.98
5 89798629 rs819338 0.94
5 89799604 rs819339 0.91
5 8860028 rs12189414 0.98
5 8860322 rs11134335 0.98
5 89807112 rs819350 0.44
5 89807338 rs13162065 0.95
5 89808644 rs2595595 0.35
5 89810806 rs13178951 0.68
5 89812761 rs2595594 0.94
5 89813933 rs10514317 0.46
5 89814498 rs16867918 0.83
5 8861519 rs4702595 0.76
5 89815712 rs1363179 0.44
5 89815833 rs1363180 0.11
5 89816721 rs10514316 0.66
5 89817243 rs1421908 0.46
5 89820115 rs10035607 0.46
5 89823743 rs7730423 0.46
5 8862557 rs16881512 0.67
5 89828319 rs6878660 0.72
5 89828552 rs13171700 0.71
5 89829469 rs11745565 0.54
5 89831007 rs6872347 0.64
5 89831998 rs876470 0.55
5 89832387 rs7711989 0.43
5 89833881 rs12515848 0.47
5 89835522 rs6452852 0.56
5 89836548 rs10063565 0.56
5 89843309 rs1421909 0.57
5 89844107 rs10474308 0.11
5 89844329 rs16867958 0.66
5 89846188 rs10473925 0.12
5 89846390 rs10474309 0.12
5 89848709 rs12189279 0.61
5 89852847 rs277058 0.94
5 89853058 rs6889835 0.11
5 8865365 rs16881515 0.56
5 89853323 rs277059 0.94
5 89854195 rs7735113 0.45
5 89857510 rs6873061 0.13
5 89859214 rs6883911 0.5
5 89862912 rs10070299 0.12
5 89863073 rs10064831 0.12
5 89864031 rs10065446 0.13
5 89867142 rs277051 0.44
5 89869861 rs12520184 0.1
5 89870812 rs11747578 0.13
5 89871090 rs11748169 0.13
5 89871543 rs13157033 0.44
5 8867263 rs4702596 0.76
5 89872479 rs7719249 0.13
5 8867307 rs10512985 0.56
5 89874387 rs7710163 0.45
5 89877801 rs12186720 0.45
5 8867923 rs16881520 0.57
5 89878967 rs2112270 0.77
5 89879705 rs1430619 0.79
5 89880579 rs10038648 0.13
5 8868136 rs10512986 0.55
5 89882280 rs2161145 0.17
5 89883423 rs2365904 1.0
5 89883885 rs4916773 0.67
5 89884248 rs2112271 0.77
5 89885470 rs7702943 0.77
5 89885969 rs277053 0.45
5 89886479 rs13160423 0.46
5 89887018 rs4916774 0.79
5 89887211 rs1430620 0.45
5 8869073 rs4479810 0.96
5 8869198 rs4604167 0.61
5 89893224 rs277054 0.33
5 89893319 rs12515716 0.13
5 8869644 rs16881529 0.8
5 89896205 rs12187736 0.45
5 89899244 rs17587562 0.095
5 89899623 rs4916775 0.8
5 8870155 rs7702790 0.81
5 89901864 rs16868011 0.44
5 89903653 rs277057 0.94
5 8870416 rs13155711 0.99
5 89908592 rs959185 0.82
5 89909517 rs10942578 0.14
5 89909687 rs6898168 0.82
5 89910793 rs16868016 0.62
5 89910983 rs10052296 0.2
5 89912680 rs16868024 0.32
5 89913819 rs4327622 0.65
5 89914235 rs2365905 0.65
5 89914789 rs1367378 0.59
5 89916702 rs7719550 0.65
5 8871738 rs10053782 0.29
5 89919747 rs16868030 0.61
5 89919844 rs10079421 0.65
5 89920416 rs10942580 0.61
5 89922022 rs7709375 0.67
5 89924594 rs13168783 0.67
5 8872610 rs6872642 0.22
5 89927423 rs10062941 0.52
5 89928463 rs11957392 0.66
5 89929261 rs4429882 0.35
5 89929430 rs2886504 0.63
5 8873198 rs17225452 0.3
5 89932653 rs6870051 0.38
5 89933318 rs9293529 0.67
5 89934826 rs16868036 0.6
5 89934933 rs6452855 0.64
5 89935475 rs10068793 0.75
5 89938016 rs7720113 0.73
5 8873899 rs17225480 0.3
5 89939172 rs13182202 0.73
5 89939577 rs10036511 0.73
5 89942874 rs10064630 0.32
5 8874393 rs17225494 0.3
5 89943872 rs10051699 0.72
5 89944163 rs6888553 0.32
5 89944248 rs962478 0.61
5 89945843 rs4374783 0.71
5 89947290 rs16868057 0.32
5 8874951 rs10074841 0.46
5 89952092 rs6882447 0.3
5 89953103 rs9968746 0.33
5 89954017 rs10514315 0.71
5 89956551 rs10514314 0.21
5 89956785 rs10068046 0.54
5 89957364 rs17589076 0.83
5 89957485 rs4916777 0.22
5 89961342 rs2566478 0.39
5 89963340 rs6874952 0.12
5 89964240 rs6861634 0.12
5 89965232 rs6886508 0.12
5 89965280 rs10514313 0.71
5 89965453 rs10514312 0.22
5 89965564 rs6452859 0.51
5 89967683 rs10805863 0.13
5 89968875 rs2566479 0.81
5 89969390 rs6890454 0.63
5 89970141 rs13362216 0.51
5 89970763 rs2566480 0.32
5 89971772 rs1278696 0.14
5 89974922 rs256433 0.99
5 89978072 rs13163788 0.45
5 89978074 rs891498 0.25
5 89978527 rs1278697 0.49
5 89979673 rs60430 0.47
5 89980669 rs10474312 0.4
5 89983443 rs10044667 0.4
5 89983731 rs194374 0.14
5 89989722 rs256430 0.48
5 89990437 rs1560208 0.71
5 89991333 rs749896 0.39
5 89992328 rs256431 0.51
5 89993056 rs1072961 0.4
5 89994787 rs256426 0.74
5 89994934 rs6862722 0.39
5 89995130 rs17596341 0.95
5 89995808 rs768640 0.89
5 90009899 rs11750576 0.93
5 8881054 rs12657070 0.45
5 90010571 rs256427 0.72
5 90012414 rs10805864 0.63
5 36346 rs10055084 0.7
5 90013988 rs4916779 0.39
5 8881575 rs4487463 0.42
5 90015487 rs256428 0.99
5 90015513 rs6871792 0.62
5 90016158 rs157238 0.76
5 90016765 rs17596494 0.14
5 90017139 rs889293 0.36
5 90017645 rs4490621 0.078
5 90018650 rs2059201 0.52
5 90019717 rs690558 0.62
5 8882089 rs9284969 0.44
5 90020513 rs662339 0.62
5 90020689 rs386138 0.2
5 90022809 rs1645410 0.43
5 90023080 rs11949266 0.38
5 90023101 rs11958926 0.38
5 90023210 rs11958908 0.38
5 90023668 rs10942581 0.38
5 90024049 rs442553 0.18
5 90027910 rs399786 0.43
5 90028262 rs2366195 0.34
5 90028715 rs154192 0.64
5 90029659 rs2652734 0.78
5 90030413 rs157309 0.64
5 90031036 rs157310 0.37
5 90031257 rs157311 0.64
5 90031824 rs7732487 0.12
5 8883253 rs10512991 0.66
5 90034294 rs157313 0.28
5 8883610 rs10052504 0.47
1 196695082 rs12517492 0.64
5 90038432 rs16868120 0.12
5 90038530 rs157239 0.44
5 90038542 rs157570 0.38
5 90042756 rs256429 0.7
5 90046222 rs2950047 0.77
5 8884700 rs17225679 0.39
5 90047180 rs689976 0.74
5 90047541 rs42406 0.38
5 90047927 rs2973366 0.083
5 90048386 rs16868149 0.41
5 90048999 rs2914548 0.13
5 8885359 rs10056560 0.68
5 90054996 rs157308 0.4
5 90055408 rs157307 0.4
5 90055543 rs157306 0.65
5 90056058 rs157305 0.39
5 90056457 rs16868164 0.25
5 90057393 rs166820 0.65
5 90058263 rs2910782 0.088
5 90060157 rs2910783 0.088
5 90060696 rs818938 0.63
5 90061342 rs818939 0.38
5 8886369 rs12652111 0.69
5 90067041 rs2562301 0.44
5 90067232 rs175965 0.64
5 90067866 rs280671 0.64
5 90068178 rs702845 0.64
5 90068502 rs818944 0.42
5 90069060 rs279763 0.49
5 90069117 rs818946 0.39
5 90070843 rs279762 0.94
5 90071392 rs279761 0.67
5 90072975 rs9293534 0.65
5 90073176 rs2910775 0.093
5 90079262 rs702844 0.17
5 90079348 rs256515 0.73
5 90080174 rs256517 0.41
5 90080254 rs256518 0.22
5 90082909 rs157566 0.67
5 90085286 rs157564 0.27
5 90086686 rs157563 0.69
5 90088712 rs166896 0.2
5 90089137 rs157561 0.14
5 90092234 rs157560 0.67
5 90093442 rs157559 0.74
5 90093880 rs157237 0.98
5 90095542 rs154193 0.99
5 90096845 rs176107 0.28
5 8889798 rs2962694 0.7
5 8890126 rs7734982 0.7
5 8890152 rs7714166 0.88
5 90101137 rs256509 0.43
5 90101319 rs187670 0.57
5 90102075 rs1645407 0.36
5 8890335 rs7715413 0.97
5 90103513 rs1698135 0.68
5 90108139 rs16868207 0.23
5 90108232 rs866026 0.59
5 90108368 rs1862608 0.24
5 90108515 rs1698137 0.24
5 90109085 rs924628 0.34
5 90109201 rs924627 0.38
5 90109273 rs1698138 0.37
5 90110163 rs1698139 0.15
5 90110675 rs1596431 0.37
5 8891141 rs2963328 0.97
5 90112100 rs1645412 0.4
7 45995450 rs788732 0.14
7 45995583 rs788731 0.74
7 45995692 rs10232599 0.16
7 45996073 rs7808776 0.92
7 45997886 rs788743 0.16
7 45997982 rs885062 0.27
7 45998408 rs700744 0.16
7 45999007 rs10253036 0.91
7 45999081 rs2960426 0.94
7 45999645 rs788741 0.86
7 46000845 rs10276817 0.26
7 46001501 rs788740 0.16
7 46001755 rs788739 0.86
7 46001766 rs788738 0.16
7 46002166 rs1085925 0.011
7 46003037 rs2462326 0.15
7 46003093 rs2960427 0.14
7 46004788 rs2965083 0.84
7 46006030 rs1723917 0.12
7 46006373 rs10226884 0.24
7 46006640 rs10256261 0.21
7 46007474 rs17172620 0.7
7 46007681 rs17578201 0.1
7 46008127 rs1525817 0.11
7 46008459 rs2960429 0.095
7 46009156 rs2965082 0.093
7 46009743 rs879965 0.1
7 46009868 rs879966 0.069
7 46010999 rs7795536 0.58
7 46011053 rs788757 0.8
7 46012274 rs9648084 0.77
7 46012314 rs1525816 0.82
7 46012657 rs788773 0.064
7 46015281 rs788771 0.065
7 46015386 rs9655050 0.76
7 46017510 rs2464925 0.99
7 46017932 rs10251299 0.55
7 46019400 rs2965077 0.087
7 46020004 rs1722134 0.67
7 46020325 rs1722135 0.79
7 46021063 rs7783148 0.86
7 46021777 rs1722136 0.89
7 46021883 rs4144319 0.22
7 46022686 rs13244568 0.8
7 46024178 rs1525829 0.67
7 46024686 rs1525830 0.89
7 46024836 rs1722138 0.89
7 46025661 rs1722139 0.074
7 46026553 rs788745 0.074
7 46027187 rs17172622 0.81
7 46028475 rs809297 0.7
7 46028849 rs788744 0.081
7 46030012 rs1525832 0.12
7 46030055 rs1525833 0.75
7 46030221 rs11767935 0.76
7 46031071 rs2690723 0.094
7 46031153 rs2690722 0.9
7 46032231 rs1722147 0.71
7 46032526 rs7780838 0.75
7 46032750 rs7781162 0.73
7 46032946 rs1722146 0.73
7 46033701 rs1722144 0.082
7 46033918 rs17578494 0.39
7 46034051 rs1540824 0.88
7 46034169 rs788728 0.088
7 46034596 rs10277696 0.47
7 46036477 rs2464926 0.81
7 46036523 rs7800989 0.77
7 46036579 rs2464927 0.096
7 46036710 rs812570 0.96
7 46037051 rs11761054 0.21
7 46037086 rs11761115 0.78
7 46037243 rs788727 0.017
7 46037975 rs2049499 0.2
7 46038210 rs10085433 0.68
7 46041835 rs10226153 0.19
7 46044487 rs2462688 0.02
7 46046732 rs17500560 0.053
7 46047186 rs788723 0.23
6 121392339 rs1925219 0.51
6 12067322 rs13212720 0.8
6 121393702 rs7738656 0.48
6 12067576 rs17608729 0.77
6 121396349 rs4945684 0.031
6 121398295 rs6935739 0.0023
6 121398951 rs7775464 0.6
6 121402326 rs17083518 0.47
6 121403327 rs6903232 0.42
6 121403347 rs12216243 0.032
6 121404669 rs10085172 0.36
6 12068605 rs9462437 0.59
6 121406090 rs6908897 0.86
6 121406544 rs5012746 0.72
6 121406612 rs17083522 0.43
6 121406837 rs17647008 0.75
6 121407272 rs9482160 0.44
6 121408232 rs2038837 0.44
6 121409258 rs9490238 0.26
6 121409576 rs17083533 0.45
6 121410154 rs4946568 0.6
6 121410646 rs6938673 0.53
6 121410657 rs17083544 0.44
6 121410706 rs6938523 0.81
6 121411235 rs17083548 0.44
6 121411344 rs9320815 0.31
6 121412523 rs17083553 0.31
6 121412740 rs12204978 0.023
6 121413356 rs12525876 0.3
6 12069464 rs4714170 0.17
6 121414057 rs17083560 0.42
6 121414130 rs12529695 0.68
6 1272542 rs2496287 0.52
6 121416275 rs9490243 0.55
6 121420205 rs12526692 0.29
6 121420395 rs9490248 0.52
6 121422715 rs6916113 0.28
6 121422737 rs9482163 0.53
6 121424515 rs1886572 0.17
6 121425324 rs17083598 0.28
6 121425993 rs9490255 0.017
6 121426819 rs6928603 0.31
6 121427396 rs11154022 0.69
6 121428781 rs2892767 0.27
6 121429007 rs1886249 0.0027
6 121429849 rs17052911 0.023
6 12071051 rs6916070 0.19
6 121430595 rs6932422 0.27
6 121430743 rs17083610 0.014
6 12071155 rs16872237 0.82
6 121431258 rs17652897 0.019
6 121432378 rs6917166 0.27
6 121432692 rs7740324 0.013
6 121432728 rs6901938 0.49
6 121432797 rs7740467 0.012
6 121433564 rs17652975 0.2
6 121433640 rs3763174 0.43
1 234160707 rs6681198 0.84
1 234160998 rs6671748 0.94
1 234161237 rs12740262 0.54
1 234161291 rs7542220 0.84
1 234161985 rs7542899 0.84
1 234162023 rs6586375 0.84
1 234164424 rs7547339 0.83
1 234164472 rs7355121 0.9
1 234164501 rs4354595 0.79
1 234164716 rs733066 0.79
1 234167882 rs7512316 0.39
1 234168223 rs2045520 0.1
1 234168295 rs12409862 0.39
1 234169430 rs12407257 0.01